.Random.seed <-
c(403L, 376L, 406001257L, 416574649L, 1507903602L, 1903877657L, 
-317839816L, -1324102246L, 1617367523L, -1378622001L, 856310705L, 
538874494L, 1522815500L, 440092864L, -1683349302L, 126700108L, 
1027704104L, -335567056L, -760500459L, -827444590L, 1585158502L, 
893746467L, 26142761L, -1150134505L, -130114790L, 1803817436L, 
1743947585L, -1134911268L, 1279090701L, -1238753445L, -914350828L, 
1202472732L, -219297618L, -987925127L, 2045114521L, 128275834L, 
2127021650L, 231144168L, 981012104L, 77519313L, -1692047959L, 
32665547L, -411837812L, 1886004656L, -1126517350L, 834277212L, 
583389273L, 996090333L, -932984994L, -1298400544L, -91982127L, 
1368179761L, -1643770286L, -1865068958L, -1150532969L, -867480552L, 
-845483214L, 56689095L, -819072932L, -1115646733L, -385294915L, 
112392389L, 790821040L, 2073348463L, -1468609075L, 1357434965L, 
21249305L, -1717540735L, -1169905628L, 1274736527L, -1381023581L, 
1646865694L, -474442831L, -2040263803L, -1420370518L, -980147112L, 
-663097603L, -2068039187L, 675768217L, 1235704418L, -1884589387L, 
475994227L, 384140267L, -2086691972L, 259657266L, 1317551234L, 
-1161003201L, 1874913223L, -650807401L, 1653951070L, 1430742654L, 
1988173717L, 1005032731L, -1116467305L, -516496123L, -1679027779L, 
552840738L, 1129789550L, -2004119371L, -1622082628L, 1647835363L, 
-1686969525L, 1776241140L, -172535957L, 1032163547L, 604889322L, 
1443948904L, -2045682031L, 1088005046L, 1960861995L, 98945330L, 
1680561937L, -1344902442L, 376482474L, -1581929827L, -2022062098L, 
458204951L, 168591611L, 604579916L, -619562862L, -2137069617L, 
-1137471864L, -2097752704L, -380218441L, 448432992L, -1113785442L, 
381837816L, -1376626786L, 356559655L, -99200113L, 1833123495L, 
-1832151794L, -758936439L, 666475257L, -1230204540L, 2016335951L, 
1052675499L, -1675642507L, 1894665927L, -2111677762L, -300593781L, 
-102187925L, -264812424L, -985325035L, -1427112235L, 698481249L, 
-1918247368L, -1718591103L, 958358763L, 1737702144L, 1842687477L, 
1677153954L, -509713327L, 1695942329L, -1965894526L, -1684147628L, 
1040968855L, -382795297L, 2059902310L, -595049966L, -2062391743L, 
-1227360225L, -1966813137L, -2131067241L, -152208376L, -697058042L, 
-64420995L, -1661515674L, 1727458020L, 229967488L, -1393799518L, 
682629420L, -279318778L, 810146703L, 47674453L, 1663681514L, 
-1065978754L, 1299355661L, 1917898928L, 1147001626L, 1040044435L, 
-77753624L, 669594356L, -41264885L, -1005195498L, 1263199165L, 
-1715086209L, -116997795L, 861606937L, 1695133581L, 55138679L, 
-1871868695L, -304698660L, 721934704L, 690001493L, -855651868L, 
901086534L, -829862648L, 1005628673L, -278448423L, -100857966L, 
1895855604L, -68564009L, 1404842292L, 1968976368L, -1985465351L, 
-649177819L, 741051022L, -1010574867L, 1187187197L, -306996637L, 
1999454235L, -138962988L, 1320340947L, 1629769580L, 80912639L, 
1490491849L, -926829497L, 1183574805L, 1816110649L, 1329651551L, 
1104792503L, 2043827122L, -1721866058L, 315187393L, -1013026568L, 
-867581621L, -725687792L, -1367785846L, -1784333114L, 398780851L, 
-1799713459L, -475110993L, -683423034L, 1766758695L, 650384552L, 
187224033L, -883902716L, 783391834L, 1210683334L, 1400984252L, 
-1774645521L, -778931072L, -1049594711L, -1174901090L, 369534425L, 
-494773161L, -1762011032L, 394823670L, 794793738L, -1701994649L, 
1958147843L, -1852859364L, -1256884249L, 1349523080L, -996793295L, 
407312320L, -941063942L, -836835694L, -462781460L, -1383231225L, 
200932871L, 1755418261L, 1215055152L, -1938937534L, 151627747L, 
667696260L, 1880824853L, -93623899L, 1941161999L, 2053378701L, 
1606844366L, -498623709L, -818341326L, 2074305180L, 135761984L, 
1140748369L, 850014168L, 1292870642L, 1129910950L, 1825601971L, 
1938016973L, 1314879548L, -773463600L, 380789727L, 2140497609L, 
1617495889L, 98620579L, -1763967327L, -555569463L, 1369002775L, 
-1731857176L, -391724647L, 375839213L, 1598077652L, 2145774032L, 
1285105706L, -1967076842L, 1311506425L, -1789672974L, -89175292L, 
-1748471697L, 354543365L, -166803107L, 101392519L, -1346686319L, 
1835508644L, 1140008136L, -602520532L, 2009213288L, 1507525116L, 
1571656336L, 442070741L, 1621815697L, -768896731L, -2069248910L, 
-1194477084L, 1080792L, -1327627793L, -1519971200L, 1911744337L, 
1340329037L, 2131998394L, 507955866L, 348049872L, 2033845651L, 
-1435942857L, -1590246981L, 1197249615L, 2036912947L, -1576519077L, 
-1408099815L, 706590066L, -1716583458L, -2093961735L, 1789474158L, 
566794828L, -222738988L, 228315824L, 490545947L, -663534159L, 
-546227699L, 1979670289L, 394601335L, 862563075L, 1950076542L, 
-1391045144L, 794494804L, -330999703L, -191468323L, 2025819157L, 
1479162372L, -1879052368L, -1567645069L, -1057596906L, 1247091324L, 
152023432L, 1634831699L, -650958712L, 4763140L, 1619435345L, 
58345072L, 1445869351L, -126627316L, -1806683894L, -1153725665L, 
2084015990L, -1636620962L, 1173488544L, -1121543396L, -1580366139L, 
1022726756L, 120808239L, 1457388359L, -139049826L, 1735778812L, 
594299420L, -1385786277L, 983838079L, 1308061381L, 1405208287L, 
1208862745L, -592630637L, 206932803L, 2046879148L, -477016042L, 
947588236L, -2001009722L, 1783953830L, 88205531L, -724792609L, 
45376711L, 725226591L, 1938054517L, -1041402043L, 1283197629L, 
-960070234L, -1083755847L, -1800811603L, 172080767L, -114875172L, 
476930484L, 590701150L, -388488549L, -1672268709L, -1399905784L, 
1878389725L, 374666357L, 665057950L, -1530829907L, 1137154618L, 
-850039853L, -1853060187L, 130871426L, -431967425L, -371076834L, 
-2116867395L, 1811706139L, 150438224L, 1671036278L, 347964204L, 
368739125L, -1754980436L, -1575760235L, 152592158L, 1887237125L, 
1438141172L, 1057998671L, 807690377L, -969627456L, 2038697418L, 
-1594120557L, -1340794888L, -265870086L, -136750587L, -331180089L, 
-1851346105L, -1523316156L, -850230946L, -1479187430L, -752447331L, 
76019727L, 730953203L, -463000600L, 1926407716L, 947895753L, 
1591189505L, -19066050L, 1879253306L, -1160293482L, -329688897L, 
-353867720L, -301609592L, 1330495668L, -734998306L, -486700173L, 
1472996778L, 1311070321L, 573697228L, -1756632523L, -959208160L, 
1761315704L, -658051705L, -1878247573L, -508612992L, 103221515L, 
-1597988553L, -2118923306L, -370612715L, 1187912147L, 1829129442L, 
1893236335L, -1502261885L, 1365249031L, -3620303L, -1189660596L, 
-1172666377L, 91523316L, 1992372255L, 1600990659L, -223071475L, 
-1694819983L, -1557184141L, 1345789094L, 165850783L, 922086622L, 
-1841093029L, 25500104L, 2033389119L, -216396358L, 388749322L, 
1919115580L, -715786082L, -1457583975L, 2114129507L, -1905973355L, 
-1587528518L, -812275311L, -938267034L, 2018738494L, 2096774284L, 
-2078337032L, -638847113L, -1543020265L, -448570134L, -902334049L, 
-817721551L, 1612220616L, 748723855L, 496141638L, 1992881956L, 
-1867612168L, 99429926L, 782951432L, 951665368L, -1033499204L, 
-609605200L, -977372518L, -1508793345L, 89440881L, -154832279L, 
1324551603L, 855333051L, -495281062L, -1512160280L, -824607752L, 
-536905166L, -265114471L, -2073329015L, 232376461L, 1363546896L, 
1842902802L, 1200912391L, 388238590L, -851700436L, -1495204766L, 
-1685056929L, 253771843L, 1224042657L, 1050885984L, 439976290L, 
-1786860562L, 1886972735L, -961653154L, 1011210723L, 255651598L, 
1724729085L, -1799678809L, -556506294L, -1005798L, -1826801662L, 
1847236495L, 1765362573L, -630687770L, 1743877273L, -336005065L, 
646349321L, -704607475L, -953745318L, -1333420803L, -1043598611L, 
-1012748050L, -1406281397L, 2055480207L, -50358354L, -624016195L, 
1058331494L, 2106875745L, 399933301L, 913332826L, 365505790L, 
-2068904725L, -967896072L, -324021658L, -737595605L, 1709697128L, 
538799517L, -1029379075L, 2086129519L, -189784677L, -1673207047L, 
-2058818330L, 1253408350L, 230119029L, 1571573036L, 189128278L, 
-909901197L, -1027646921L, 1805172587L, -389231000L, 1711532198L, 
-1997739223L, 406307393L, -1541265521L, -1898845068L, -1129452878L, 
1868978430L, -751591070L, -1555293271L, 661074306L, 1626480002L, 
1243300808L, -743111422L, 1694847752L, 898329144L, 1414750732L, 
